time	time	departures_all	arrivals_all	stuck_all	en-route_all	departures_car	arrivals_car	stuck_car	en-route_car	departures_walk	arrivals_walk	stuck_walk	en-route_walk
00:00:00	0	0	0	0	0	0	0	0	0	0	0	0	0
00:05:00	300	0	0	0	0	0	0	0	0	0	0	0	0
00:10:00	600	0	0	0	0	0	0	0	0	0	0	0	0
00:15:00	900	0	0	0	0	0	0	0	0	0	0	0	0
00:20:00	1200	0	0	0	0	0	0	0	0	0	0	0	0
00:25:00	1500	0	0	0	0	0	0	0	0	0	0	0	0
00:30:00	1800	0	0	0	0	0	0	0	0	0	0	0	0
00:35:00	2100	0	0	0	0	0	0	0	0	0	0	0	0
00:40:00	2400	0	0	0	0	0	0	0	0	0	0	0	0
00:45:00	2700	0	0	0	0	0	0	0	0	0	0	0	0
00:50:00	3000	0	0	0	0	0	0	0	0	0	0	0	0
00:55:00	3300	0	0	0	0	0	0	0	0	0	0	0	0
01:00:00	3600	0	0	0	0	0	0	0	0	0	0	0	0
01:05:00	3900	0	0	0	0	0	0	0	0	0	0	0	0
01:10:00	4200	0	0	0	0	0	0	0	0	0	0	0	0
01:15:00	4500	0	0	0	0	0	0	0	0	0	0	0	0
01:20:00	4800	0	0	0	0	0	0	0	0	0	0	0	0
01:25:00	5100	0	0	0	0	0	0	0	0	0	0	0	0
01:30:00	5400	0	0	0	0	0	0	0	0	0	0	0	0
01:35:00	5700	0	0	0	0	0	0	0	0	0	0	0	0
01:40:00	6000	0	0	0	0	0	0	0	0	0	0	0	0
01:45:00	6300	0	0	0	0	0	0	0	0	0	0	0	0
01:50:00	6600	0	0	0	0	0	0	0	0	0	0	0	0
01:55:00	6900	0	0	0	0	0	0	0	0	0	0	0	0
02:00:00	7200	0	0	0	0	0	0	0	0	0	0	0	0
02:05:00	7500	0	0	0	0	0	0	0	0	0	0	0	0
02:10:00	7800	0	0	0	0	0	0	0	0	0	0	0	0
02:15:00	8100	0	0	0	0	0	0	0	0	0	0	0	0
02:20:00	8400	0	0	0	0	0	0	0	0	0	0	0	0
02:25:00	8700	0	0	0	0	0	0	0	0	0	0	0	0
02:30:00	9000	0	0	0	0	0	0	0	0	0	0	0	0
02:35:00	9300	0	0	0	0	0	0	0	0	0	0	0	0
02:40:00	9600	0	0	0	0	0	0	0	0	0	0	0	0
02:45:00	9900	0	0	0	0	0	0	0	0	0	0	0	0
02:50:00	10200	0	0	0	0	0	0	0	0	0	0	0	0
02:55:00	10500	0	0	0	0	0	0	0	0	0	0	0	0
03:00:00	10800	0	0	0	0	0	0	0	0	0	0	0	0
03:05:00	11100	0	0	0	0	0	0	0	0	0	0	0	0
03:10:00	11400	0	0	0	0	0	0	0	0	0	0	0	0
03:15:00	11700	0	0	0	0	0	0	0	0	0	0	0	0
03:20:00	12000	0	0	0	0	0	0	0	0	0	0	0	0
03:25:00	12300	0	0	0	0	0	0	0	0	0	0	0	0
03:30:00	12600	0	0	0	0	0	0	0	0	0	0	0	0
03:35:00	12900	0	0	0	0	0	0	0	0	0	0	0	0
03:40:00	13200	0	0	0	0	0	0	0	0	0	0	0	0
03:45:00	13500	0	0	0	0	0	0	0	0	0	0	0	0
03:50:00	13800	0	0	0	0	0	0	0	0	0	0	0	0
03:55:00	14100	0	0	0	0	0	0	0	0	0	0	0	0
04:00:00	14400	0	0	0	0	0	0	0	0	0	0	0	0
04:05:00	14700	0	0	0	0	0	0	0	0	0	0	0	0
04:10:00	15000	0	0	0	0	0	0	0	0	0	0	0	0
04:15:00	15300	0	0	0	0	0	0	0	0	0	0	0	0
04:20:00	15600	0	0	0	0	0	0	0	0	0	0	0	0
04:25:00	15900	0	0	0	0	0	0	0	0	0	0	0	0
04:30:00	16200	0	0	0	0	0	0	0	0	0	0	0	0
04:35:00	16500	0	0	0	0	0	0	0	0	0	0	0	0
04:40:00	16800	0	0	0	0	0	0	0	0	0	0	0	0
04:45:00	17100	0	0	0	0	0	0	0	0	0	0	0	0
04:50:00	17400	0	0	0	0	0	0	0	0	0	0	0	0
04:55:00	17700	0	0	0	0	0	0	0	0	0	0	0	0
05:00:00	18000	0	0	0	0	0	0	0	0	0	0	0	0
05:05:00	18300	0	0	0	0	0	0	0	0	0	0	0	0
05:10:00	18600	0	0	0	0	0	0	0	0	0	0	0	0
05:15:00	18900	0	0	0	0	0	0	0	0	0	0	0	0
05:20:00	19200	0	0	0	0	0	0	0	0	0	0	0	0
05:25:00	19500	0	0	0	0	0	0	0	0	0	0	0	0
05:30:00	19800	0	0	0	0	0	0	0	0	0	0	0	0
05:35:00	20100	0	0	0	0	0	0	0	0	0	0	0	0
05:40:00	20400	0	0	0	0	0	0	0	0	0	0	0	0
05:45:00	20700	0	0	0	0	0	0	0	0	0	0	0	0
05:50:00	21000	0	0	0	0	0	0	0	0	0	0	0	0
05:55:00	21300	0	0	0	0	0	0	0	0	0	0	0	0
06:00:00	21600	0	0	0	0	0	0	0	0	0	0	0	0
06:05:00	21900	0	0	0	0	0	0	0	0	0	0	0	0
06:10:00	22200	0	0	0	0	0	0	0	0	0	0	0	0
06:15:00	22500	0	0	0	0	0	0	0	0	0	0	0	0
06:20:00	22800	0	0	0	0	0	0	0	0	0	0	0	0
06:25:00	23100	0	0	0	0	0	0	0	0	0	0	0	0
06:30:00	23400	0	0	0	0	0	0	0	0	0	0	0	0
06:35:00	23700	0	0	0	0	0	0	0	0	0	0	0	0
06:40:00	24000	0	0	0	0	0	0	0	0	0	0	0	0
06:45:00	24300	0	0	0	0	0	0	0	0	0	0	0	0
06:50:00	24600	0	0	0	0	0	0	0	0	0	0	0	0
06:55:00	24900	0	0	0	0	0	0	0	0	0	0	0	0
07:00:00	25200	0	0	0	0	0	0	0	0	0	0	0	0
07:05:00	25500	0	0	0	0	0	0	0	0	0	0	0	0
07:10:00	25800	0	0	0	0	0	0	0	0	0	0	0	0
07:15:00	26100	0	0	0	0	0	0	0	0	0	0	0	0
07:20:00	26400	0	0	0	0	0	0	0	0	0	0	0	0
07:25:00	26700	0	0	0	0	0	0	0	0	0	0	0	0
07:30:00	27000	0	0	0	0	0	0	0	0	0	0	0	0
07:35:00	27300	0	0	0	0	0	0	0	0	0	0	0	0
07:40:00	27600	0	0	0	0	0	0	0	0	0	0	0	0
07:45:00	27900	0	0	0	0	0	0	0	0	0	0	0	0
07:50:00	28200	0	0	0	0	0	0	0	0	0	0	0	0
07:55:00	28500	0	0	0	0	0	0	0	0	0	0	0	0
08:00:00	28800	117	52	0	65	52	0	0	52	65	52	0	13
08:05:00	29100	78	13	0	130	13	0	0	65	65	13	0	65
08:10:00	29400	65	0	0	195	0	0	0	65	65	0	0	130
08:15:00	29700	117	52	0	260	26	26	0	65	91	26	0	195
08:20:00	30000	65	0	0	325	0	0	0	65	65	0	0	260
08:25:00	30300	104	39	0	390	26	13	0	78	78	26	0	312
08:30:00	30600	104	39	0	455	39	0	0	117	65	39	0	338
08:35:00	30900	65	0	0	520	0	0	0	117	65	0	0	403
08:40:00	31200	78	13	0	585	13	0	0	130	65	13	0	455
08:45:00	31500	143	78	0	650	39	39	0	130	104	39	0	520
08:50:00	31800	91	26	0	715	26	0	0	156	65	26	0	559
08:55:00	32100	117	52	0	780	26	26	0	156	91	26	0	624
09:00:00	32400	91	26	0	845	0	26	0	130	91	0	0	715
09:05:00	32700	104	39	0	910	0	39	0	91	104	0	0	819
09:10:00	33000	91	26	0	975	13	13	0	91	78	13	0	884
09:15:00	33300	91	26	0	1040	26	0	0	117	65	26	0	923
09:20:00	33600	104	39	0	1105	39	0	0	156	65	39	0	949
09:25:00	33900	117	52	0	1170	26	26	0	156	91	26	0	1014
09:30:00	34200	78	13	0	1235	13	0	0	169	65	13	0	1066
09:35:00	34500	117	52	0	1300	39	13	0	195	78	39	0	1105
09:40:00	34800	26	26	0	1300	0	26	0	169	26	0	0	1131
09:45:00	35100	26	26	0	1300	0	26	0	143	26	0	0	1157
09:50:00	35400	26	26	0	1300	0	26	0	117	26	0	0	1183
09:55:00	35700	0	0	0	1300	0	0	0	117	0	0	0	1183
10:00:00	36000	0	0	0	1300	0	0	0	117	0	0	0	1183
10:05:00	36300	0	0	0	1300	0	0	0	117	0	0	0	1183
10:10:00	36600	0	13	0	1287	0	0	0	117	0	13	0	1170
10:15:00	36900	0	13	0	1274	0	0	0	117	0	13	0	1157
10:20:00	37200	0	0	0	1274	0	0	0	117	0	0	0	1157
10:25:00	37500	0	13	0	1261	0	0	0	117	0	13	0	1144
10:30:00	37800	0	0	0	1261	0	0	0	117	0	0	0	1144
10:35:00	38100	0	0	0	1261	0	0	0	117	0	0	0	1144
10:40:00	38400	0	39	0	1222	0	0	0	117	0	39	0	1105
10:45:00	38700	0	0	0	1222	0	0	0	117	0	0	0	1105
10:50:00	39000	0	13	0	1209	0	0	0	117	0	13	0	1092
10:55:00	39300	0	39	0	1170	0	0	0	117	0	39	0	1053
11:00:00	39600	0	26	0	1144	0	0	0	117	0	26	0	1027
11:05:00	39900	0	26	0	1118	0	0	0	117	0	26	0	1001
11:10:00	40200	0	0	0	1118	0	0	0	117	0	0	0	1001
11:15:00	40500	0	0	0	1118	0	0	0	117	0	0	0	1001
11:20:00	40800	0	13	0	1105	0	0	0	117	0	13	0	988
11:25:00	41100	0	13	0	1092	0	0	0	117	0	13	0	975
11:30:00	41400	0	13	0	1079	0	0	0	117	0	13	0	962
11:35:00	41700	0	65	0	1014	0	0	0	117	0	65	0	897
11:40:00	42000	0	78	0	936	0	0	0	117	0	78	0	819
11:45:00	42300	0	91	0	845	0	0	0	117	0	91	0	728
11:50:00	42600	0	52	0	793	0	0	0	117	0	52	0	676
11:55:00	42900	0	52	0	741	0	0	0	117	0	52	0	624
12:00:00	43200	0	39	0	702	0	0	0	117	0	39	0	585
12:05:00	43500	0	39	0	663	0	0	0	117	0	39	0	546
12:10:00	43800	0	65	0	598	0	0	0	117	0	65	0	481
12:15:00	44100	0	26	0	572	0	0	0	117	0	26	0	455
12:20:00	44400	0	39	0	533	0	0	0	117	0	39	0	416
12:25:00	44700	0	39	0	494	0	0	0	117	0	39	0	377
12:30:00	45000	0	52	0	442	0	0	0	117	0	52	0	325
12:35:00	45300	0	65	0	377	0	0	0	117	0	65	0	260
12:40:00	45600	0	65	0	312	0	0	0	117	0	65	0	195
12:45:00	45900	0	39	0	273	0	0	0	117	0	39	0	156
12:50:00	46200	0	26	0	247	0	0	0	117	0	26	0	130
12:55:00	46500	0	52	0	195	0	0	0	117	0	52	0	78
13:00:00	46800	0	26	0	169	0	0	0	117	0	26	0	52
13:05:00	47100	0	39	0	130	0	0	0	117	0	39	0	13
13:10:00	47400	0	13	0	117	0	0	0	117	0	13	0	0
13:15:00	47700	0	0	0	117	0	0	0	117	0	0	0	0
13:20:00	48000	0	0	0	117	0	0	0	117	0	0	0	0
13:25:00	48300	0	0	0	117	0	0	0	117	0	0	0	0
13:30:00	48600	0	0	0	117	0	0	0	117	0	0	0	0
13:35:00	48900	0	0	0	117	0	0	0	117	0	0	0	0
13:40:00	49200	0	0	0	117	0	0	0	117	0	0	0	0
13:45:00	49500	0	0	0	117	0	0	0	117	0	0	0	0
13:50:00	49800	0	0	0	117	0	0	0	117	0	0	0	0
13:55:00	50100	0	0	0	117	0	0	0	117	0	0	0	0
14:00:00	50400	0	0	0	117	0	0	0	117	0	0	0	0
14:05:00	50700	0	0	0	117	0	0	0	117	0	0	0	0
14:10:00	51000	0	0	0	117	0	0	0	117	0	0	0	0
14:15:00	51300	0	0	0	117	0	0	0	117	0	0	0	0
14:20:00	51600	0	0	0	117	0	0	0	117	0	0	0	0
14:25:00	51900	0	0	0	117	0	0	0	117	0	0	0	0
14:30:00	52200	0	0	0	117	0	0	0	117	0	0	0	0
14:35:00	52500	0	0	0	117	0	0	0	117	0	0	0	0
14:40:00	52800	0	0	0	117	0	0	0	117	0	0	0	0
14:45:00	53100	0	0	0	117	0	0	0	117	0	0	0	0
14:50:00	53400	0	0	0	117	0	0	0	117	0	0	0	0
14:55:00	53700	0	0	0	117	0	0	0	117	0	0	0	0
15:00:00	54000	0	0	0	117	0	0	0	117	0	0	0	0
15:05:00	54300	0	0	0	117	0	0	0	117	0	0	0	0
15:10:00	54600	0	0	0	117	0	0	0	117	0	0	0	0
15:15:00	54900	0	0	0	117	0	0	0	117	0	0	0	0
15:20:00	55200	0	0	0	117	0	0	0	117	0	0	0	0
15:25:00	55500	0	0	0	117	0	0	0	117	0	0	0	0
15:30:00	55800	0	0	0	117	0	0	0	117	0	0	0	0
15:35:00	56100	0	0	0	117	0	0	0	117	0	0	0	0
15:40:00	56400	0	0	0	117	0	0	0	117	0	0	0	0
15:45:00	56700	0	0	0	117	0	0	0	117	0	0	0	0
15:50:00	57000	0	0	0	117	0	0	0	117	0	0	0	0
15:55:00	57300	0	0	0	117	0	0	0	117	0	0	0	0
16:00:00	57600	26	0	0	143	0	0	0	117	26	0	0	26
16:05:00	57900	65	0	0	208	0	0	0	117	65	0	0	91
16:10:00	58200	65	0	0	273	0	0	0	117	65	0	0	156
16:15:00	58500	52	0	0	325	0	0	0	117	52	0	0	208
16:20:00	58800	65	0	0	390	0	0	0	117	65	0	0	273
16:25:00	59100	39	0	0	429	0	0	0	117	39	0	0	312
16:30:00	59400	65	0	0	494	0	0	0	117	65	0	0	377
16:35:00	59700	65	0	0	559	0	0	0	117	65	0	0	442
16:40:00	60000	65	0	0	624	0	0	0	117	65	0	0	507
16:45:00	60300	65	0	0	689	0	0	0	117	65	0	0	572
16:50:00	60600	65	0	0	754	0	0	0	117	65	0	0	637
16:55:00	60900	65	0	0	819	0	0	0	117	65	0	0	702
17:00:00	61200	65	0	0	884	0	0	0	117	65	0	0	767
17:05:00	61500	65	0	0	949	0	0	0	117	65	0	0	832
17:10:00	61800	65	0	0	1014	0	0	0	117	65	0	0	897
17:15:00	62100	52	0	0	1066	0	0	0	117	52	0	0	949
17:20:00	62400	39	0	0	1105	0	0	0	117	39	0	0	988
17:25:00	62700	65	0	0	1170	0	0	0	117	65	0	0	1053
17:30:00	63000	65	0	0	1235	0	0	0	117	65	0	0	1118
17:35:00	63300	65	0	0	1300	0	0	0	117	65	0	0	1183
17:40:00	63600	0	0	0	1300	0	0	0	117	0	0	0	1183
17:45:00	63900	0	0	0	1300	0	0	0	117	0	0	0	1183
17:50:00	64200	0	0	0	1300	0	0	0	117	0	0	0	1183
17:55:00	64500	13	13	0	1300	13	0	0	130	0	13	0	1170
18:00:00	64800	13	13	0	1300	13	0	0	143	0	13	0	1157
18:05:00	65100	0	0	0	1300	0	0	0	143	0	0	0	1157
18:10:00	65400	39	65	0	1274	13	26	0	130	26	39	0	1144
18:15:00	65700	0	0	0	1274	0	0	0	130	0	0	0	1144
18:20:00	66000	13	13	0	1274	0	13	0	117	13	0	0	1157
18:25:00	66300	26	39	0	1261	26	0	0	143	0	39	0	1118
18:30:00	66600	13	13	0	1261	13	0	0	156	0	13	0	1105
18:35:00	66900	26	26	0	1261	13	13	0	156	13	13	0	1105
18:40:00	67200	65	104	0	1222	39	26	0	169	26	78	0	1053
18:45:00	67500	13	13	0	1222	13	0	0	182	0	13	0	1040
18:50:00	67800	65	91	0	1196	26	39	0	169	39	52	0	1027
18:55:00	68100	39	78	0	1157	13	26	0	156	26	52	0	1001
19:00:00	68400	26	39	0	1144	0	26	0	130	26	13	0	1014
19:05:00	68700	26	52	0	1118	13	13	0	130	13	39	0	988
19:10:00	69000	13	13	0	1118	13	0	0	143	0	13	0	975
19:15:00	69300	13	13	0	1118	13	0	0	156	0	13	0	962
19:20:00	69600	26	39	0	1105	13	13	0	156	13	26	0	949
19:25:00	69900	39	52	0	1092	26	13	0	169	13	39	0	923
19:30:00	70200	39	52	0	1079	26	13	0	182	13	39	0	897
19:35:00	70500	52	130	0	1001	13	39	0	156	39	91	0	845
19:40:00	70800	26	117	0	910	0	26	0	130	26	91	0	780
19:45:00	71100	13	78	0	845	0	13	0	117	13	65	0	728
19:50:00	71400	0	52	0	793	0	0	0	117	0	52	0	676
19:55:00	71700	0	52	0	741	0	0	0	117	0	52	0	624
20:00:00	72000	0	39	0	702	0	0	0	117	0	39	0	585
20:05:00	72300	0	39	0	663	0	0	0	117	0	39	0	546
20:10:00	72600	0	65	0	598	0	0	0	117	0	65	0	481
20:15:00	72900	0	26	0	572	0	0	0	117	0	26	0	455
20:20:00	73200	0	39	0	533	0	0	0	117	0	39	0	416
20:25:00	73500	0	39	0	494	0	0	0	117	0	39	0	377
20:30:00	73800	0	52	0	442	0	0	0	117	0	52	0	325
20:35:00	74100	0	65	0	377	0	0	0	117	0	65	0	260
20:40:00	74400	0	65	0	312	0	0	0	117	0	65	0	195
20:45:00	74700	0	39	0	273	0	0	0	117	0	39	0	156
20:50:00	75000	0	26	0	247	0	0	0	117	0	26	0	130
20:55:00	75300	0	52	0	195	0	0	0	117	0	52	0	78
21:00:00	75600	0	26	0	169	0	0	0	117	0	26	0	52
21:05:00	75900	0	39	0	130	0	0	0	117	0	39	0	13
21:10:00	76200	0	13	0	117	0	0	0	117	0	13	0	0
21:15:00	76500	0	0	0	117	0	0	0	117	0	0	0	0
21:20:00	76800	0	0	0	117	0	0	0	117	0	0	0	0
21:25:00	77100	0	0	0	117	0	0	0	117	0	0	0	0
21:30:00	77400	0	0	0	117	0	0	0	117	0	0	0	0
21:35:00	77700	0	0	0	117	0	0	0	117	0	0	0	0
21:40:00	78000	0	0	0	117	0	0	0	117	0	0	0	0
21:45:00	78300	0	0	0	117	0	0	0	117	0	0	0	0
21:50:00	78600	0	0	0	117	0	0	0	117	0	0	0	0
21:55:00	78900	0	0	0	117	0	0	0	117	0	0	0	0
22:00:00	79200	0	0	0	117	0	0	0	117	0	0	0	0
22:05:00	79500	0	0	0	117	0	0	0	117	0	0	0	0
22:10:00	79800	0	0	0	117	0	0	0	117	0	0	0	0
22:15:00	80100	0	0	0	117	0	0	0	117	0	0	0	0
22:20:00	80400	0	0	0	117	0	0	0	117	0	0	0	0
22:25:00	80700	0	0	0	117	0	0	0	117	0	0	0	0
22:30:00	81000	0	0	0	117	0	0	0	117	0	0	0	0
22:35:00	81300	0	0	0	117	0	0	0	117	0	0	0	0
22:40:00	81600	0	0	0	117	0	0	0	117	0	0	0	0
22:45:00	81900	0	0	0	117	0	0	0	117	0	0	0	0
22:50:00	82200	0	0	0	117	0	0	0	117	0	0	0	0
22:55:00	82500	0	0	0	117	0	0	0	117	0	0	0	0
23:00:00	82800	0	0	0	117	0	0	0	117	0	0	0	0
23:05:00	83100	0	0	0	117	0	0	0	117	0	0	0	0
23:10:00	83400	0	0	0	117	0	0	0	117	0	0	0	0
23:15:00	83700	0	0	0	117	0	0	0	117	0	0	0	0
23:20:00	84000	0	0	0	117	0	0	0	117	0	0	0	0
23:25:00	84300	0	0	0	117	0	0	0	117	0	0	0	0
23:30:00	84600	0	0	0	117	0	0	0	117	0	0	0	0
23:35:00	84900	0	0	0	117	0	0	0	117	0	0	0	0
23:40:00	85200	0	0	0	117	0	0	0	117	0	0	0	0
23:45:00	85500	0	0	0	117	0	0	0	117	0	0	0	0
23:50:00	85800	0	0	0	117	0	0	0	117	0	0	0	0
23:55:00	86100	0	0	0	117	0	0	0	117	0	0	0	0
24:00:00	86400	0	0	0	117	0	0	0	117	0	0	0	0
24:05:00	86700	0	0	0	117	0	0	0	117	0	0	0	0
24:10:00	87000	0	0	0	117	0	0	0	117	0	0	0	0
24:15:00	87300	0	0	0	117	0	0	0	117	0	0	0	0
24:20:00	87600	0	0	0	117	0	0	0	117	0	0	0	0
24:25:00	87900	0	0	0	117	0	0	0	117	0	0	0	0
24:30:00	88200	0	0	0	117	0	0	0	117	0	0	0	0
24:35:00	88500	0	0	0	117	0	0	0	117	0	0	0	0
24:40:00	88800	0	0	0	117	0	0	0	117	0	0	0	0
24:45:00	89100	0	0	0	117	0	0	0	117	0	0	0	0
24:50:00	89400	0	0	0	117	0	0	0	117	0	0	0	0
24:55:00	89700	0	0	0	117	0	0	0	117	0	0	0	0
25:00:00	90000	0	0	0	117	0	0	0	117	0	0	0	0
25:05:00	90300	0	0	0	117	0	0	0	117	0	0	0	0
25:10:00	90600	0	0	0	117	0	0	0	117	0	0	0	0
25:15:00	90900	0	0	0	117	0	0	0	117	0	0	0	0
25:20:00	91200	0	0	0	117	0	0	0	117	0	0	0	0
25:25:00	91500	0	0	0	117	0	0	0	117	0	0	0	0
25:30:00	91800	0	0	0	117	0	0	0	117	0	0	0	0
25:35:00	92100	0	0	0	117	0	0	0	117	0	0	0	0
25:40:00	92400	0	0	0	117	0	0	0	117	0	0	0	0
25:45:00	92700	0	0	0	117	0	0	0	117	0	0	0	0
25:50:00	93000	0	0	0	117	0	0	0	117	0	0	0	0
25:55:00	93300	0	0	0	117	0	0	0	117	0	0	0	0
26:00:00	93600	0	0	0	117	0	0	0	117	0	0	0	0
26:05:00	93900	0	0	0	117	0	0	0	117	0	0	0	0
26:10:00	94200	0	0	0	117	0	0	0	117	0	0	0	0
26:15:00	94500	0	0	0	117	0	0	0	117	0	0	0	0
26:20:00	94800	0	0	0	117	0	0	0	117	0	0	0	0
26:25:00	95100	0	0	0	117	0	0	0	117	0	0	0	0
26:30:00	95400	0	0	0	117	0	0	0	117	0	0	0	0
26:35:00	95700	0	0	0	117	0	0	0	117	0	0	0	0
26:40:00	96000	0	0	0	117	0	0	0	117	0	0	0	0
26:45:00	96300	0	0	0	117	0	0	0	117	0	0	0	0
26:50:00	96600	0	0	0	117	0	0	0	117	0	0	0	0
26:55:00	96900	0	0	0	117	0	0	0	117	0	0	0	0
27:00:00	97200	0	0	0	117	0	0	0	117	0	0	0	0
27:05:00	97500	0	0	0	117	0	0	0	117	0	0	0	0
27:10:00	97800	0	0	0	117	0	0	0	117	0	0	0	0
27:15:00	98100	0	0	0	117	0	0	0	117	0	0	0	0
27:20:00	98400	0	0	0	117	0	0	0	117	0	0	0	0
27:25:00	98700	0	0	0	117	0	0	0	117	0	0	0	0
27:30:00	99000	0	0	0	117	0	0	0	117	0	0	0	0
27:35:00	99300	0	0	0	117	0	0	0	117	0	0	0	0
27:40:00	99600	0	0	0	117	0	0	0	117	0	0	0	0
27:45:00	99900	0	0	0	117	0	0	0	117	0	0	0	0
27:50:00	100200	0	0	0	117	0	0	0	117	0	0	0	0
27:55:00	100500	0	0	0	117	0	0	0	117	0	0	0	0
28:00:00	100800	0	0	0	117	0	0	0	117	0	0	0	0
28:05:00	101100	0	0	0	117	0	0	0	117	0	0	0	0
28:10:00	101400	0	0	0	117	0	0	0	117	0	0	0	0
28:15:00	101700	0	0	0	117	0	0	0	117	0	0	0	0
28:20:00	102000	0	0	0	117	0	0	0	117	0	0	0	0
28:25:00	102300	0	0	0	117	0	0	0	117	0	0	0	0
28:30:00	102600	0	0	0	117	0	0	0	117	0	0	0	0
28:35:00	102900	0	0	0	117	0	0	0	117	0	0	0	0
28:40:00	103200	0	0	0	117	0	0	0	117	0	0	0	0
28:45:00	103500	0	0	0	117	0	0	0	117	0	0	0	0
28:50:00	103800	0	0	0	117	0	0	0	117	0	0	0	0
28:55:00	104100	0	0	0	117	0	0	0	117	0	0	0	0
29:00:00	104400	0	0	0	117	0	0	0	117	0	0	0	0
29:05:00	104700	0	0	0	117	0	0	0	117	0	0	0	0
29:10:00	105000	0	0	0	117	0	0	0	117	0	0	0	0
29:15:00	105300	0	0	0	117	0	0	0	117	0	0	0	0
29:20:00	105600	0	0	0	117	0	0	0	117	0	0	0	0
29:25:00	105900	0	0	0	117	0	0	0	117	0	0	0	0
29:30:00	106200	0	0	0	117	0	0	0	117	0	0	0	0
29:35:00	106500	0	0	0	117	0	0	0	117	0	0	0	0
29:40:00	106800	0	0	0	117	0	0	0	117	0	0	0	0
29:45:00	107100	0	0	0	117	0	0	0	117	0	0	0	0
29:50:00	107400	0	0	0	117	0	0	0	117	0	0	0	0
29:55:00	107700	0	0	0	117	0	0	0	117	0	0	0	0
30:00:00	108000	0	0	117	0	0	0	117	0	0	0	0	0
30:05:00	108300	0	0	0	0	0	0	0	0	0	0	0	0
