time	time	departures_all	arrivals_all	stuck_all	en-route_all	departures_car	arrivals_car	stuck_car	en-route_car	departures_pt	arrivals_pt	stuck_pt	en-route_pt	departures_walk	arrivals_walk	stuck_walk	en-route_walk
00:00:00	0	0	0	0	0	0	0	0	0	0	0	0	0	0	0	0	0
00:05:00	300	0	0	0	0	0	0	0	0	0	0	0	0	0	0	0	0
00:10:00	600	0	0	0	0	0	0	0	0	0	0	0	0	0	0	0	0
00:15:00	900	0	0	0	0	0	0	0	0	0	0	0	0	0	0	0	0
00:20:00	1200	0	0	0	0	0	0	0	0	0	0	0	0	0	0	0	0
00:25:00	1500	0	0	0	0	0	0	0	0	0	0	0	0	0	0	0	0
00:30:00	1800	0	0	0	0	0	0	0	0	0	0	0	0	0	0	0	0
00:35:00	2100	0	0	0	0	0	0	0	0	0	0	0	0	0	0	0	0
00:40:00	2400	0	0	0	0	0	0	0	0	0	0	0	0	0	0	0	0
00:45:00	2700	0	0	0	0	0	0	0	0	0	0	0	0	0	0	0	0
00:50:00	3000	0	0	0	0	0	0	0	0	0	0	0	0	0	0	0	0
00:55:00	3300	0	0	0	0	0	0	0	0	0	0	0	0	0	0	0	0
01:00:00	3600	0	0	0	0	0	0	0	0	0	0	0	0	0	0	0	0
01:05:00	3900	0	0	0	0	0	0	0	0	0	0	0	0	0	0	0	0
01:10:00	4200	0	0	0	0	0	0	0	0	0	0	0	0	0	0	0	0
01:15:00	4500	0	0	0	0	0	0	0	0	0	0	0	0	0	0	0	0
01:20:00	4800	0	0	0	0	0	0	0	0	0	0	0	0	0	0	0	0
01:25:00	5100	0	0	0	0	0	0	0	0	0	0	0	0	0	0	0	0
01:30:00	5400	0	0	0	0	0	0	0	0	0	0	0	0	0	0	0	0
01:35:00	5700	0	0	0	0	0	0	0	0	0	0	0	0	0	0	0	0
01:40:00	6000	0	0	0	0	0	0	0	0	0	0	0	0	0	0	0	0
01:45:00	6300	0	0	0	0	0	0	0	0	0	0	0	0	0	0	0	0
01:50:00	6600	0	0	0	0	0	0	0	0	0	0	0	0	0	0	0	0
01:55:00	6900	0	0	0	0	0	0	0	0	0	0	0	0	0	0	0	0
02:00:00	7200	0	0	0	0	0	0	0	0	0	0	0	0	0	0	0	0
02:05:00	7500	0	0	0	0	0	0	0	0	0	0	0	0	0	0	0	0
02:10:00	7800	0	0	0	0	0	0	0	0	0	0	0	0	0	0	0	0
02:15:00	8100	0	0	0	0	0	0	0	0	0	0	0	0	0	0	0	0
02:20:00	8400	0	0	0	0	0	0	0	0	0	0	0	0	0	0	0	0
02:25:00	8700	0	0	0	0	0	0	0	0	0	0	0	0	0	0	0	0
02:30:00	9000	0	0	0	0	0	0	0	0	0	0	0	0	0	0	0	0
02:35:00	9300	0	0	0	0	0	0	0	0	0	0	0	0	0	0	0	0
02:40:00	9600	0	0	0	0	0	0	0	0	0	0	0	0	0	0	0	0
02:45:00	9900	0	0	0	0	0	0	0	0	0	0	0	0	0	0	0	0
02:50:00	10200	0	0	0	0	0	0	0	0	0	0	0	0	0	0	0	0
02:55:00	10500	0	0	0	0	0	0	0	0	0	0	0	0	0	0	0	0
03:00:00	10800	0	0	0	0	0	0	0	0	0	0	0	0	0	0	0	0
03:05:00	11100	0	0	0	0	0	0	0	0	0	0	0	0	0	0	0	0
03:10:00	11400	0	0	0	0	0	0	0	0	0	0	0	0	0	0	0	0
03:15:00	11700	0	0	0	0	0	0	0	0	0	0	0	0	0	0	0	0
03:20:00	12000	0	0	0	0	0	0	0	0	0	0	0	0	0	0	0	0
03:25:00	12300	0	0	0	0	0	0	0	0	0	0	0	0	0	0	0	0
03:30:00	12600	0	0	0	0	0	0	0	0	0	0	0	0	0	0	0	0
03:35:00	12900	0	0	0	0	0	0	0	0	0	0	0	0	0	0	0	0
03:40:00	13200	0	0	0	0	0	0	0	0	0	0	0	0	0	0	0	0
03:45:00	13500	0	0	0	0	0	0	0	0	0	0	0	0	0	0	0	0
03:50:00	13800	0	0	0	0	0	0	0	0	0	0	0	0	0	0	0	0
03:55:00	14100	0	0	0	0	0	0	0	0	0	0	0	0	0	0	0	0
04:00:00	14400	0	0	0	0	0	0	0	0	0	0	0	0	0	0	0	0
04:05:00	14700	0	0	0	0	0	0	0	0	0	0	0	0	0	0	0	0
04:10:00	15000	0	0	0	0	0	0	0	0	0	0	0	0	0	0	0	0
04:15:00	15300	0	0	0	0	0	0	0	0	0	0	0	0	0	0	0	0
04:20:00	15600	0	0	0	0	0	0	0	0	0	0	0	0	0	0	0	0
04:25:00	15900	0	0	0	0	0	0	0	0	0	0	0	0	0	0	0	0
04:30:00	16200	0	0	0	0	0	0	0	0	0	0	0	0	0	0	0	0
04:35:00	16500	0	0	0	0	0	0	0	0	0	0	0	0	0	0	0	0
04:40:00	16800	0	0	0	0	0	0	0	0	0	0	0	0	0	0	0	0
04:45:00	17100	0	0	0	0	0	0	0	0	0	0	0	0	0	0	0	0
04:50:00	17400	0	0	0	0	0	0	0	0	0	0	0	0	0	0	0	0
04:55:00	17700	0	0	0	0	0	0	0	0	0	0	0	0	0	0	0	0
05:00:00	18000	0	0	0	0	0	0	0	0	0	0	0	0	0	0	0	0
05:05:00	18300	0	0	0	0	0	0	0	0	0	0	0	0	0	0	0	0
05:10:00	18600	0	0	0	0	0	0	0	0	0	0	0	0	0	0	0	0
05:15:00	18900	0	0	0	0	0	0	0	0	0	0	0	0	0	0	0	0
05:20:00	19200	0	0	0	0	0	0	0	0	0	0	0	0	0	0	0	0
05:25:00	19500	0	0	0	0	0	0	0	0	0	0	0	0	0	0	0	0
05:30:00	19800	0	0	0	0	0	0	0	0	0	0	0	0	0	0	0	0
05:35:00	20100	0	0	0	0	0	0	0	0	0	0	0	0	0	0	0	0
05:40:00	20400	0	0	0	0	0	0	0	0	0	0	0	0	0	0	0	0
05:45:00	20700	0	0	0	0	0	0	0	0	0	0	0	0	0	0	0	0
05:50:00	21000	0	0	0	0	0	0	0	0	0	0	0	0	0	0	0	0
05:55:00	21300	0	0	0	0	0	0	0	0	0	0	0	0	0	0	0	0
06:00:00	21600	0	0	0	0	0	0	0	0	0	0	0	0	0	0	0	0
06:05:00	21900	0	0	0	0	0	0	0	0	0	0	0	0	0	0	0	0
06:10:00	22200	0	0	0	0	0	0	0	0	0	0	0	0	0	0	0	0
06:15:00	22500	120	64	0	56	16	8	0	8	32	0	0	32	72	56	0	16
06:20:00	22800	144	96	0	104	24	24	0	8	16	8	0	40	104	64	0	56
06:25:00	23100	120	72	0	152	16	0	0	24	16	16	0	40	88	56	0	88
06:30:00	23400	168	120	0	200	32	24	0	32	24	8	0	56	112	88	0	112
06:35:00	23700	128	136	0	192	16	24	0	24	24	24	0	56	88	88	0	112
06:40:00	24000	112	88	0	216	16	16	0	24	16	8	0	64	80	64	0	128
06:45:00	24300	176	128	0	264	24	8	0	40	40	32	0	72	112	88	0	152
06:50:00	24600	176	168	0	272	40	32	0	48	32	32	0	72	104	104	0	152
06:55:00	24900	240	264	0	248	32	56	0	24	24	48	0	48	184	160	0	176
07:00:00	25200	152	104	0	296	8	8	0	24	56	8	0	96	88	88	0	176
07:05:00	25500	192	184	0	304	8	24	0	8	64	40	0	120	120	120	0	176
07:10:00	25800	240	192	0	352	24	16	0	16	64	40	0	144	152	136	0	192
07:15:00	26100	56	112	0	296	8	8	0	16	0	40	0	104	48	64	0	176
07:20:00	26400	88	128	0	256	0	0	0	16	24	64	0	64	64	64	0	176
07:25:00	26700	8	32	0	232	0	0	0	16	0	8	0	56	8	24	0	160
07:30:00	27000	56	72	0	216	16	16	0	16	16	8	0	64	24	48	0	136
07:35:00	27300	24	32	0	208	0	0	0	16	8	16	0	56	16	16	0	136
07:40:00	27600	64	88	0	184	8	0	0	24	8	32	0	32	48	56	0	128
07:45:00	27900	8	32	0	160	0	8	0	16	0	0	0	32	8	24	0	112
07:50:00	28200	56	72	0	144	8	8	0	16	8	16	0	24	40	48	0	104
07:55:00	28500	56	64	0	136	8	8	0	16	8	16	0	16	40	40	0	104
08:00:00	28800	24	32	0	128	0	0	0	16	8	8	0	16	16	24	0	96
08:05:00	29100	40	48	0	120	8	8	0	16	0	8	0	8	32	32	0	96
08:10:00	29400	24	40	0	104	0	8	0	8	0	8	0	0	24	24	0	96
08:15:00	29700	48	32	0	120	16	0	0	24	16	0	0	16	16	32	0	80
08:20:00	30000	112	72	0	160	16	0	0	40	32	16	0	32	64	56	0	88
08:25:00	30300	88	64	0	184	24	8	0	56	16	8	0	40	48	48	0	88
08:30:00	30600	56	80	0	160	16	16	0	56	8	8	0	40	32	56	0	64
08:35:00	30900	104	104	0	160	8	24	0	40	24	16	0	48	72	64	0	72
08:40:00	31200	88	72	0	176	8	16	0	32	24	8	0	64	56	48	0	80
08:45:00	31500	72	80	0	168	0	0	0	32	24	32	0	56	48	48	0	80
08:50:00	31800	72	104	0	136	16	16	0	32	0	16	0	40	56	72	0	64
08:55:00	32100	88	88	0	136	16	16	0	32	0	16	0	24	72	56	0	80
09:00:00	32400	96	72	0	160	8	24	0	16	16	0	0	40	72	48	0	104
09:05:00	32700	64	64	0	160	0	8	0	8	16	16	0	40	48	40	0	112
09:10:00	33000	32	56	0	136	0	0	0	8	8	24	0	24	24	32	0	104
09:15:00	33300	0	16	0	120	0	0	0	8	0	0	0	24	0	16	0	88
09:20:00	33600	16	24	0	112	0	0	0	8	8	8	0	24	8	16	0	80
09:25:00	33900	8	24	0	96	0	0	0	8	0	8	0	16	8	16	0	72
09:30:00	34200	8	16	0	88	0	0	0	8	0	8	0	8	8	8	0	72
09:35:00	34500	0	8	0	80	0	0	0	8	0	0	0	8	0	8	0	64
09:40:00	34800	0	16	0	64	0	0	0	8	0	0	0	8	0	16	0	48
09:45:00	35100	8	16	0	56	0	0	0	8	0	8	0	0	8	8	0	48
09:50:00	35400	8	0	0	64	0	0	0	8	0	0	0	0	8	0	0	56
09:55:00	35700	16	24	0	56	8	8	0	8	0	0	0	0	8	16	0	48
10:00:00	36000	32	24	0	64	0	0	0	8	16	0	0	16	16	24	0	40
10:05:00	36300	16	8	0	72	0	0	0	8	0	8	0	8	16	0	0	56
10:10:00	36600	32	24	0	80	8	8	0	8	0	0	0	8	24	16	0	64
10:15:00	36900	16	8	0	88	8	0	0	16	0	0	0	8	8	8	0	64
10:20:00	37200	24	40	0	72	0	8	0	8	16	0	0	24	8	32	0	40
10:25:00	37500	32	48	0	56	8	8	0	8	0	8	0	16	24	32	0	32
10:30:00	37800	32	32	0	56	0	0	0	8	8	16	0	8	24	16	0	40
10:35:00	38100	16	8	0	64	0	0	0	8	8	0	0	16	8	8	0	40
10:40:00	38400	24	24	0	64	0	0	0	8	0	8	0	8	24	16	0	48
10:45:00	38700	40	32	0	72	8	0	0	16	16	0	0	24	16	32	0	32
10:50:00	39000	40	16	0	96	0	0	0	16	16	0	0	40	24	16	0	40
10:55:00	39300	16	32	0	80	0	8	0	8	0	8	0	32	16	16	0	40
11:00:00	39600	24	40	0	64	0	0	0	8	0	16	0	16	24	24	0	40
11:05:00	39900	0	0	0	64	0	0	0	8	0	0	0	16	0	0	0	40
11:10:00	40200	16	32	0	48	0	0	0	8	0	16	0	0	16	16	0	40
11:15:00	40500	0	0	0	48	0	0	0	8	0	0	0	0	0	0	0	40
11:20:00	40800	0	8	0	40	0	0	0	8	0	0	0	0	0	8	0	32
11:25:00	41100	0	8	0	32	0	0	0	8	0	0	0	0	0	8	0	24
11:30:00	41400	0	0	0	32	0	0	0	8	0	0	0	0	0	0	0	24
11:35:00	41700	0	0	0	32	0	0	0	8	0	0	0	0	0	0	0	24
11:40:00	42000	0	0	0	32	0	0	0	8	0	0	0	0	0	0	0	24
11:45:00	42300	0	0	0	32	0	0	0	8	0	0	0	0	0	0	0	24
11:50:00	42600	0	0	0	32	0	0	0	8	0	0	0	0	0	0	0	24
11:55:00	42900	0	0	0	32	0	0	0	8	0	0	0	0	0	0	0	24
12:00:00	43200	0	0	0	32	0	0	0	8	0	0	0	0	0	0	0	24
12:05:00	43500	0	0	0	32	0	0	0	8	0	0	0	0	0	0	0	24
12:10:00	43800	16	8	0	40	0	0	0	8	8	0	0	8	8	8	0	24
12:15:00	44100	16	0	0	56	0	0	0	8	0	0	0	8	16	0	0	40
12:20:00	44400	8	8	0	56	0	0	0	8	0	0	0	8	8	8	0	40
12:25:00	44700	16	8	0	64	0	0	0	8	8	0	0	16	8	8	0	40
12:30:00	45000	48	24	0	88	16	0	0	24	0	0	0	16	32	24	0	48
12:35:00	45300	64	32	0	120	16	8	0	32	0	0	0	16	48	24	0	72
12:40:00	45600	56	72	0	104	24	24	0	32	0	0	0	16	32	48	0	56
12:45:00	45900	136	96	0	144	32	8	0	56	32	8	0	40	72	80	0	48
12:50:00	46200	56	56	0	144	16	24	0	48	0	0	0	40	40	32	0	56
12:55:00	46500	48	88	0	104	0	24	0	24	0	24	0	16	48	40	0	64
13:00:00	46800	16	8	0	112	0	0	0	24	8	0	0	24	8	8	0	64
13:05:00	47100	40	48	0	104	0	0	0	24	8	16	0	16	32	32	0	64
13:10:00	47400	48	32	0	120	0	8	0	16	24	0	0	40	24	24	0	64
13:15:00	47700	24	40	0	104	0	0	0	16	0	24	0	16	24	16	0	72
13:20:00	48000	16	24	0	96	0	0	0	16	8	8	0	16	8	16	0	64
13:25:00	48300	8	32	0	72	0	0	0	16	0	8	0	8	8	24	0	48
13:30:00	48600	16	24	0	64	0	0	0	16	8	8	0	8	8	16	0	40
13:35:00	48900	0	0	0	64	0	0	0	16	0	0	0	8	0	0	0	40
13:40:00	49200	0	0	0	64	0	0	0	16	0	0	0	8	0	0	0	40
13:45:00	49500	0	8	0	56	0	0	0	16	0	0	0	8	0	8	0	32
13:50:00	49800	0	8	0	48	0	0	0	16	0	0	0	8	0	8	0	24
13:55:00	50100	8	16	0	40	0	0	0	16	0	8	0	0	8	8	0	24
14:00:00	50400	24	8	0	56	0	0	0	16	8	0	0	8	16	8	0	32
14:05:00	50700	16	16	0	56	0	0	0	16	0	8	0	0	16	8	0	40
14:10:00	51000	24	16	0	64	0	0	0	16	8	0	0	8	16	16	0	40
14:15:00	51300	48	56	0	56	16	16	0	16	0	0	0	8	32	40	0	32
14:20:00	51600	56	40	0	72	0	0	0	16	24	8	0	24	32	32	0	32
14:25:00	51900	40	32	0	80	8	0	0	24	0	16	0	8	32	16	0	48
14:30:00	52200	80	48	0	112	16	8	0	32	8	8	0	8	56	32	0	72
14:35:00	52500	40	32	0	120	0	8	0	24	16	0	0	24	24	24	0	72
14:40:00	52800	48	32	0	136	8	8	0	24	8	0	0	32	32	24	0	80
14:45:00	53100	48	24	0	160	0	0	0	24	24	0	0	56	24	24	0	80
14:50:00	53400	88	72	0	176	16	8	0	32	0	16	0	40	72	48	0	104
14:55:00	53700	96	80	0	192	32	8	0	56	8	8	0	40	56	64	0	96
15:00:00	54000	48	56	0	184	0	16	0	40	8	8	0	40	40	32	0	104
15:05:00	54300	88	72	0	200	24	0	0	64	8	24	0	24	56	48	0	112
15:10:00	54600	64	72	0	192	8	24	0	48	8	0	0	32	48	48	0	112
15:15:00	54900	48	72	0	168	0	24	0	24	0	8	0	24	48	40	0	120
15:20:00	55200	48	40	0	176	0	0	0	24	24	0	0	48	24	40	0	104
15:25:00	55500	8	16	0	168	8	0	0	32	0	0	0	48	0	16	0	88
15:30:00	55800	48	56	0	160	0	0	0	32	16	24	0	40	32	32	0	88
15:35:00	56100	24	32	0	152	0	8	0	24	0	16	0	24	24	8	0	104
15:40:00	56400	0	8	0	144	0	0	0	24	0	0	0	24	0	8	0	96
15:45:00	56700	0	16	0	128	0	0	0	24	0	0	0	24	0	16	0	80
15:50:00	57000	16	24	0	120	0	0	0	24	8	8	0	24	8	16	0	72
15:55:00	57300	24	16	0	128	8	0	0	32	0	8	0	16	16	8	0	80
16:00:00	57600	16	48	0	96	0	0	0	32	0	16	0	0	16	32	0	64
16:05:00	57900	8	16	0	88	0	8	0	24	0	0	0	0	8	8	0	64
16:10:00	58200	16	8	0	96	0	0	0	24	8	0	0	8	8	8	0	64
16:15:00	58500	16	24	0	88	0	0	0	24	8	0	0	16	8	24	0	48
16:20:00	58800	48	32	0	104	8	0	0	32	8	8	0	16	32	24	0	56
16:25:00	59100	32	24	0	112	0	8	0	24	8	0	0	24	24	16	0	64
16:30:00	59400	112	80	0	144	16	0	0	40	16	24	0	16	80	56	0	88
16:35:00	59700	24	32	0	136	8	8	0	40	8	0	0	24	8	24	0	72
16:40:00	60000	96	80	0	152	0	0	0	40	32	16	0	40	64	64	0	72
16:45:00	60300	96	56	0	192	16	0	0	56	24	16	0	48	56	40	0	88
16:50:00	60600	40	40	0	192	8	8	0	56	0	8	0	40	32	24	0	96
16:55:00	60900	64	56	0	200	0	8	0	48	16	16	0	40	48	32	0	112
17:00:00	61200	72	64	0	208	0	8	0	40	32	0	0	72	40	56	0	96
17:05:00	61500	72	48	0	232	8	0	0	48	16	24	0	64	48	24	0	120
17:10:00	61800	48	80	0	200	0	8	0	40	8	24	0	48	40	48	0	112
17:15:00	62100	40	40	0	200	0	0	0	40	8	24	0	32	32	16	0	128
17:20:00	62400	32	24	0	208	0	0	0	40	16	0	0	48	16	24	0	120
17:25:00	62700	32	48	0	192	0	0	0	40	16	16	0	48	16	32	0	104
17:30:00	63000	16	32	0	176	0	0	0	40	0	16	0	32	16	16	0	104
17:35:00	63300	32	72	0	136	0	0	0	40	0	24	0	8	32	48	0	88
17:40:00	63600	16	24	0	128	0	0	0	40	8	8	0	8	8	16	0	80
17:45:00	63900	8	16	0	120	0	0	0	40	0	8	0	0	8	8	0	80
17:50:00	64200	0	0	0	120	0	0	0	40	0	0	0	0	0	0	0	80
17:55:00	64500	0	0	0	120	0	0	0	40	0	0	0	0	0	0	0	80
18:00:00	64800	0	0	0	120	0	0	0	40	0	0	0	0	0	0	0	80
18:05:00	65100	24	24	0	120	8	8	0	40	0	0	0	0	16	16	0	80
18:10:00	65400	0	0	0	120	0	0	0	40	0	0	0	0	0	0	0	80
18:15:00	65700	8	32	0	96	8	0	0	48	0	0	0	0	0	32	0	48
18:20:00	66000	0	0	0	96	0	0	0	48	0	0	0	0	0	0	0	48
18:25:00	66300	32	24	0	104	8	8	0	48	0	0	0	0	24	16	0	56
18:30:00	66600	24	16	0	112	0	8	0	40	0	0	0	0	24	8	0	72
18:35:00	66900	16	16	0	112	8	0	0	48	8	0	0	8	0	16	0	56
18:40:00	67200	40	32	0	120	8	8	0	48	8	0	0	16	24	24	0	56
18:45:00	67500	24	24	0	120	8	0	0	56	8	0	0	24	8	24	0	40
18:50:00	67800	40	16	0	144	0	0	0	56	16	0	0	40	24	16	0	48
18:55:00	68100	8	16	0	136	0	8	0	48	0	0	0	40	8	8	0	48
19:00:00	68400	64	40	0	160	0	0	0	48	16	16	0	40	48	24	0	72
19:05:00	68700	40	64	0	136	0	8	0	40	8	16	0	32	32	40	0	64
19:10:00	69000	24	24	0	136	0	0	0	40	8	8	0	32	16	16	0	64
19:15:00	69300	40	48	0	128	8	8	0	40	8	8	0	32	24	32	0	56
19:20:00	69600	0	0	0	128	0	0	0	40	0	0	0	32	0	0	0	56
19:25:00	69900	24	40	0	112	0	0	0	40	0	24	0	8	24	16	0	64
19:30:00	70200	0	24	0	88	0	0	0	40	0	0	0	8	0	24	0	40
19:35:00	70500	8	16	0	80	0	0	0	40	0	8	0	0	8	8	0	40
19:40:00	70800	8	8	0	80	0	0	0	40	8	0	0	8	0	8	0	32
19:45:00	71100	0	0	0	80	0	0	0	40	0	0	0	8	0	0	0	32
19:50:00	71400	0	8	0	72	0	0	0	40	0	0	0	8	0	8	0	24
19:55:00	71700	0	0	0	72	0	0	0	40	0	0	0	8	0	0	0	24
20:00:00	72000	0	0	0	72	0	0	0	40	0	0	0	8	0	0	0	24
20:05:00	72300	8	16	0	64	0	0	0	40	0	8	0	0	8	8	0	24
20:10:00	72600	0	0	0	64	0	0	0	40	0	0	0	0	0	0	0	24
20:15:00	72900	0	0	0	64	0	0	0	40	0	0	0	0	0	0	0	24
20:20:00	73200	0	0	0	64	0	0	0	40	0	0	0	0	0	0	0	24
20:25:00	73500	16	8	0	72	8	0	0	48	0	0	0	0	8	8	0	24
20:30:00	73800	24	8	0	88	0	0	0	48	8	0	0	8	16	8	0	32
20:35:00	74100	8	8	0	88	0	0	0	48	0	0	0	8	8	8	0	32
20:40:00	74400	8	24	0	72	0	0	0	48	0	8	0	0	8	16	0	24
20:45:00	74700	0	16	0	56	0	0	0	48	0	0	0	0	0	16	0	8
20:50:00	75000	24	8	0	72	0	0	0	48	8	0	0	8	16	8	0	16
20:55:00	75300	0	0	0	72	0	0	0	48	0	0	0	8	0	0	0	16
21:00:00	75600	56	24	0	104	8	0	0	56	16	0	0	24	32	24	0	24
21:05:00	75900	24	40	0	88	0	8	0	48	0	8	0	16	24	24	0	24
21:10:00	76200	0	0	0	88	0	0	0	48	0	0	0	16	0	0	0	24
21:15:00	76500	8	16	0	80	0	0	0	48	0	8	0	8	8	8	0	24
21:20:00	76800	16	8	0	88	0	0	0	48	8	0	0	16	8	8	0	24
21:25:00	77100	8	16	0	80	0	0	0	48	0	8	0	8	8	8	0	24
21:30:00	77400	8	8	0	80	0	0	0	48	0	8	0	0	8	0	0	32
21:35:00	77700	0	0	0	80	0	0	0	48	0	0	0	0	0	0	0	32
21:40:00	78000	0	0	0	80	0	0	0	48	0	0	0	0	0	0	0	32
21:45:00	78300	8	8	0	80	0	0	0	48	8	0	0	8	0	8	0	24
21:50:00	78600	0	0	0	80	0	0	0	48	0	0	0	8	0	0	0	24
21:55:00	78900	8	16	0	72	0	0	0	48	0	8	0	0	8	8	0	24
22:00:00	79200	0	8	0	64	0	0	0	48	0	0	0	0	0	8	0	16
22:05:00	79500	0	0	0	64	0	0	0	48	0	0	0	0	0	0	0	16
22:10:00	79800	0	0	0	64	0	0	0	48	0	0	0	0	0	0	0	16
22:15:00	80100	32	16	0	80	8	0	0	56	8	0	0	8	16	16	0	16
22:20:00	80400	16	24	0	72	0	8	0	48	0	8	0	0	16	8	0	24
22:25:00	80700	0	0	0	72	0	0	0	48	0	0	0	0	0	0	0	24
22:30:00	81000	0	8	0	64	0	0	0	48	0	0	0	0	0	8	0	16
22:35:00	81300	16	8	0	72	8	0	0	56	0	0	0	0	8	8	0	16
22:40:00	81600	32	16	0	88	0	0	0	56	16	0	0	16	16	16	0	16
22:45:00	81900	40	40	0	88	8	8	0	56	8	8	0	16	24	24	0	16
22:50:00	82200	88	56	0	120	8	0	0	64	24	16	0	24	56	40	0	32
22:55:00	82500	56	40	0	136	8	8	0	64	16	0	0	40	32	32	0	32
23:00:00	82800	32	32	0	136	0	0	0	64	8	16	0	32	24	16	0	40
23:05:00	83100	48	64	0	120	0	16	0	48	8	8	0	32	40	40	0	40
23:10:00	83400	24	32	0	112	0	0	0	48	0	16	0	16	24	16	0	48
23:15:00	83700	64	40	0	136	24	0	0	72	8	0	0	24	32	40	0	40
23:20:00	84000	32	24	0	144	0	8	0	64	8	0	0	32	24	16	0	48
23:25:00	84300	48	56	0	136	16	0	0	80	8	16	0	24	24	40	0	32
23:30:00	84600	64	40	0	160	0	8	0	72	16	0	0	40	48	32	0	48
23:35:00	84900	24	24	0	160	0	8	0	64	8	0	0	48	16	16	0	48
23:40:00	85200	16	24	0	152	0	0	0	64	8	8	0	48	8	16	0	40
23:45:00	85500	40	56	0	136	0	0	0	64	8	24	0	32	32	32	0	40
23:50:00	85800	8	8	0	136	0	0	0	64	0	8	0	24	8	0	0	48
23:55:00	86100	8	24	0	120	0	0	0	64	0	8	0	16	8	16	0	40
24:00:00	86400	0	0	0	120	0	0	0	64	0	0	0	16	0	0	0	40
24:05:00	86700	8	8	0	120	0	0	0	64	8	0	0	24	0	8	0	32
24:10:00	87000	8	16	0	112	0	0	0	64	0	8	0	16	8	8	0	32
24:15:00	87300	0	0	0	112	0	0	0	64	0	0	0	16	0	0	0	32
24:20:00	87600	8	8	0	112	0	0	0	64	0	8	0	8	8	0	0	40
24:25:00	87900	16	16	0	112	0	0	0	64	8	0	0	16	8	16	0	32
24:30:00	88200	0	8	0	104	0	0	0	64	0	0	0	16	0	8	0	24
24:35:00	88500	32	40	0	96	0	0	0	64	8	16	0	8	24	24	0	24
24:40:00	88800	32	16	0	112	16	0	0	80	0	0	0	8	16	16	0	24
24:45:00	89100	24	40	0	96	0	8	0	72	0	8	0	0	24	24	0	24
24:50:00	89400	0	8	0	88	0	0	0	72	0	0	0	0	0	8	0	16
24:55:00	89700	32	8	0	112	8	0	0	80	0	0	0	0	24	8	0	32
25:00:00	90000	24	8	0	128	0	0	0	80	0	0	0	0	24	8	0	48
25:05:00	90300	24	24	0	128	0	16	0	64	0	0	0	0	24	8	0	64
25:10:00	90600	48	16	0	160	16	0	0	80	0	0	0	0	32	16	0	80
25:15:00	90900	56	16	0	200	0	8	0	72	0	0	0	0	56	8	0	128
25:20:00	91200	32	16	0	216	0	0	0	72	0	0	0	0	32	16	0	144
25:25:00	91500	8	8	0	216	0	8	0	64	0	0	0	0	8	0	0	152
25:30:00	91800	8	0	0	224	0	0	0	64	0	0	0	0	8	0	0	160
25:35:00	92100	8	0	0	232	0	0	0	64	0	0	0	0	8	0	0	168
25:40:00	92400	0	0	0	232	0	0	0	64	0	0	0	0	0	0	0	168
25:45:00	92700	0	0	0	232	0	0	0	64	0	0	0	0	0	0	0	168
25:50:00	93000	0	0	0	232	0	0	0	64	0	0	0	0	0	0	0	168
25:55:00	93300	0	8	0	224	0	0	0	64	0	0	0	0	0	8	0	160
26:00:00	93600	0	8	0	216	0	0	0	64	0	0	0	0	0	8	0	152
26:05:00	93900	0	16	0	200	0	0	0	64	0	0	0	0	0	16	0	136
26:10:00	94200	0	0	0	200	0	0	0	64	0	0	0	0	0	0	0	136
26:15:00	94500	0	16	0	184	0	0	0	64	0	0	0	0	0	16	0	120
26:20:00	94800	0	16	0	168	0	0	0	64	0	0	0	0	0	16	0	104
26:25:00	95100	0	24	0	144	0	0	0	64	0	0	0	0	0	24	0	80
26:30:00	95400	0	0	0	144	0	0	0	64	0	0	0	0	0	0	0	80
26:35:00	95700	0	0	0	144	0	0	0	64	0	0	0	0	0	0	0	80
26:40:00	96000	0	0	0	144	0	0	0	64	0	0	0	0	0	0	0	80
26:45:00	96300	0	8	0	136	0	0	0	64	0	0	0	0	0	8	0	72
26:50:00	96600	0	16	0	120	0	0	0	64	0	0	0	0	0	16	0	56
26:55:00	96900	0	0	0	120	0	0	0	64	0	0	0	0	0	0	0	56
27:00:00	97200	0	0	0	120	0	0	0	64	0	0	0	0	0	0	0	56
27:05:00	97500	0	0	0	120	0	0	0	64	0	0	0	0	0	0	0	56
27:10:00	97800	0	0	0	120	0	0	0	64	0	0	0	0	0	0	0	56
27:15:00	98100	8	8	0	120	0	0	0	64	0	0	0	0	8	8	0	56
27:20:00	98400	0	0	0	120	0	0	0	64	0	0	0	0	0	0	0	56
27:25:00	98700	0	0	0	120	0	0	0	64	0	0	0	0	0	0	0	56
27:30:00	99000	0	0	0	120	0	0	0	64	0	0	0	0	0	0	0	56
27:35:00	99300	0	0	0	120	0	0	0	64	0	0	0	0	0	0	0	56
27:40:00	99600	0	8	0	112	0	0	0	64	0	0	0	0	0	8	0	48
27:45:00	99900	0	0	0	112	0	0	0	64	0	0	0	0	0	0	0	48
27:50:00	100200	0	0	0	112	0	0	0	64	0	0	0	0	0	0	0	48
27:55:00	100500	0	0	0	112	0	0	0	64	0	0	0	0	0	0	0	48
28:00:00	100800	0	0	0	112	0	0	0	64	0	0	0	0	0	0	0	48
28:05:00	101100	0	16	0	96	0	0	0	64	0	0	0	0	0	16	0	32
28:10:00	101400	0	8	0	88	0	0	0	64	0	0	0	0	0	8	0	24
28:15:00	101700	0	0	0	88	0	0	0	64	0	0	0	0	0	0	0	24
28:20:00	102000	0	0	0	88	0	0	0	64	0	0	0	0	0	0	0	24
28:25:00	102300	0	0	0	88	0	0	0	64	0	0	0	0	0	0	0	24
28:30:00	102600	0	0	0	88	0	0	0	64	0	0	0	0	0	0	0	24
28:35:00	102900	0	8	0	80	0	0	0	64	0	0	0	0	0	8	0	16
28:40:00	103200	0	0	0	80	0	0	0	64	0	0	0	0	0	0	0	16
28:45:00	103500	0	0	0	80	0	0	0	64	0	0	0	0	0	0	0	16
28:50:00	103800	0	0	0	80	0	0	0	64	0	0	0	0	0	0	0	16
28:55:00	104100	0	0	0	80	0	0	0	64	0	0	0	0	0	0	0	16
29:00:00	104400	0	0	0	80	0	0	0	64	0	0	0	0	0	0	0	16
29:05:00	104700	0	0	0	80	0	0	0	64	0	0	0	0	0	0	0	16
29:10:00	105000	0	8	0	72	0	0	0	64	0	0	0	0	0	8	0	8
29:15:00	105300	0	0	0	72	0	0	0	64	0	0	0	0	0	0	0	8
29:20:00	105600	0	0	0	72	0	0	0	64	0	0	0	0	0	0	0	8
29:25:00	105900	0	0	0	72	0	0	0	64	0	0	0	0	0	0	0	8
29:30:00	106200	0	0	0	72	0	0	0	64	0	0	0	0	0	0	0	8
29:35:00	106500	0	0	0	72	0	0	0	64	0	0	0	0	0	0	0	8
29:40:00	106800	0	0	0	72	0	0	0	64	0	0	0	0	0	0	0	8
29:45:00	107100	0	0	0	72	0	0	0	64	0	0	0	0	0	0	0	8
29:50:00	107400	0	0	0	72	0	0	0	64	0	0	0	0	0	0	0	8
29:55:00	107700	0	0	0	72	0	0	0	64	0	0	0	0	0	0	0	8
30:00:00	108000	0	0	72	0	0	0	64	0	0	0	0	0	0	0	8	0
30:05:00	108300	0	0	0	0	0	0	0	0	0	0	0	0	0	0	0	0
